#FIG 3.2  Produced by xfig version 3.2.5b
Landscape
Center
Metric
A4      
100.00
Single
-2
1200 2
2 2 0 1 0 0 50 -1 20 0.000 0 0 -1 0 0 5
	 1350 1575 1575 1575 1575 1800 1350 1800 1350 1575
2 2 0 1 0 0 50 -1 20 0.000 0 0 -1 0 0 5
	 1575 1575 1800 1575 1800 1800 1575 1800 1575 1575
2 2 0 1 0 0 50 -1 20 0.000 0 0 -1 0 0 5
	 1800 1575 2025 1575 2025 1800 1800 1800 1800 1575
2 2 0 1 0 7 50 -1 20 0.000 0 0 -1 0 0 5
	 1575 1800 1800 1800 1800 2025 1575 2025 1575 1800
2 2 0 1 0 0 50 -1 20 0.000 0 0 -1 0 0 5
	 2250 1575 2475 1575 2475 1800 2250 1800 2250 1575
2 2 0 1 0 0 50 -1 20 0.000 0 0 -1 0 0 5
	 2475 1575 2700 1575 2700 1800 2475 1800 2475 1575
2 2 0 1 0 7 50 -1 20 0.000 0 0 -1 0 0 5
	 2700 1575 2925 1575 2925 1800 2700 1800 2700 1575
2 2 0 1 0 7 50 -1 20 0.000 0 0 -1 0 0 5
	 2475 1800 2700 1800 2700 2025 2475 2025 2475 1800
2 2 0 1 0 0 50 -1 20 0.000 0 0 -1 0 0 5
	 3150 1575 3375 1575 3375 1800 3150 1800 3150 1575
2 2 0 1 0 7 50 -1 20 0.000 0 0 -1 0 0 5
	 3375 1575 3600 1575 3600 1800 3375 1800 3375 1575
2 2 0 1 0 0 50 -1 20 0.000 0 0 -1 0 0 5
	 3600 1575 3825 1575 3825 1800 3600 1800 3600 1575
2 2 0 1 0 7 50 -1 20 0.000 0 0 -1 0 0 5
	 3375 1800 3600 1800 3600 2025 3375 2025 3375 1800
2 2 0 1 0 0 50 -1 20 0.000 0 0 -1 0 0 5
	 4050 1575 4275 1575 4275 1800 4050 1800 4050 1575
2 2 0 1 0 7 50 -1 20 0.000 0 0 -1 0 0 5
	 4275 1575 4500 1575 4500 1800 4275 1800 4275 1575
2 2 0 1 0 7 50 -1 20 0.000 0 0 -1 0 0 5
	 4500 1575 4725 1575 4725 1800 4500 1800 4500 1575
2 2 0 1 0 0 50 -1 20 0.000 0 0 -1 0 0 5
	 4275 1800 4500 1800 4500 2025 4275 2025 4275 1800
2 2 0 1 0 7 50 -1 20 0.000 0 0 -1 0 0 5
	 4950 1575 5175 1575 5175 1800 4950 1800 4950 1575
2 2 0 1 0 0 50 -1 20 0.000 0 0 -1 0 0 5
	 5175 1575 5400 1575 5400 1800 5175 1800 5175 1575
2 2 0 1 0 0 50 -1 20 0.000 0 0 -1 0 0 5
	 5400 1575 5625 1575 5625 1800 5400 1800 5400 1575
2 2 0 1 0 0 50 -1 20 0.000 0 0 -1 0 0 5
	 5175 1800 5400 1800 5400 2025 5175 2025 5175 1800
2 2 0 1 0 7 50 -1 20 0.000 0 0 -1 0 0 5
	 5850 1575 6075 1575 6075 1800 5850 1800 5850 1575
2 2 0 1 0 0 50 -1 20 0.000 0 0 -1 0 0 5
	 6075 1575 6300 1575 6300 1800 6075 1800 6075 1575
2 2 0 1 0 7 50 -1 20 0.000 0 0 -1 0 0 5
	 6300 1575 6525 1575 6525 1800 6300 1800 6300 1575
2 2 0 1 0 0 50 -1 20 0.000 0 0 -1 0 0 5
	 6075 1800 6300 1800 6300 2025 6075 2025 6075 1800
2 2 0 1 0 7 50 -1 20 0.000 0 0 -1 0 0 5
	 6750 1575 6975 1575 6975 1800 6750 1800 6750 1575
2 2 0 1 0 7 50 -1 20 0.000 0 0 -1 0 0 5
	 6975 1575 7200 1575 7200 1800 6975 1800 6975 1575
2 2 0 1 0 0 50 -1 20 0.000 0 0 -1 0 0 5
	 7200 1575 7425 1575 7425 1800 7200 1800 7200 1575
2 2 0 1 0 0 50 -1 20 0.000 0 0 -1 0 0 5
	 6975 1800 7200 1800 7200 2025 6975 2025 6975 1800
2 2 0 1 0 7 50 -1 20 0.000 0 0 -1 0 0 5
	 7875 1800 8100 1800 8100 2025 7875 2025 7875 1800
2 2 0 1 0 7 50 -1 20 0.000 0 0 -1 0 0 5
	 7650 1575 7875 1575 7875 1800 7650 1800 7650 1575
2 2 0 1 0 7 50 -1 20 0.000 0 0 -1 0 0 5
	 7875 1575 8100 1575 8100 1800 7875 1800 7875 1575
2 2 0 1 0 7 50 -1 20 0.000 0 0 -1 0 0 5
	 8100 1575 8325 1575 8325 1800 8100 1800 8100 1575
